852889.9468866097
213861.04848406004
155987.24190541194
3036.884965903467
1028599.2839686681
697680.0914005982
76012.4179449511
1609107.0072765704
907657.8322406972
549700.8644852459
1650211.1625319775
607601.5615341242
490842.43001512915
315275.8721008245
7687.552160365482
119515.27958562721
244624.13001732356
1693403.449271715
1290156.4637113875
160890.75378917033
292203.448725745
836552.0787040942
1143257.4674154771
91514.34182259941
61889.17272319221
1085206.333144324
394777.3247760953
972795.2181108091
1043085.6535137916
801627.0047463629
187572.7872327073
1690545.975503861
1509283.7876722573
1891694.9987274595
642670.2655472137
991645.2074747571
114701.1764923943
1068680.1671331762
19958.179829177494
273290.7135386013
921012.3816276318
247547.35755068428
739198.2862593207
98211.32301489207
626302.0109570967
104078.19837253999
1625701.9756447824
381199.50015216204
493544.06225199974
1966951.6892790145
2374224.258208433
439788.4937865679
1440860.96185858
156314.86662168367
341912.79522965744
260544.9993466484
314796.62543754565
1396086.5149407918
1058347.7899563916
1006891.9716559222
185154.20336564994
357151.57575158717
1822026.247663799
836393.1571461807
131149.52897799647
212297.4123033045
825030.5593771646
741178.8398062859
610940.9315517355
31050.670530811585
349356.1184585874
1153568.2206464175
1135632.1194299115
2062432.3909190046
131266.54330057732
1926772.6832498545
2289980.3233468775
501653.5568663595
968359.2371204284
739257.1383557178
2007290.7445293854
204711.05392331493
1898730.6564830774
1370821.0400829606
2240909.78624301
1864672.706756296
10766.643484264834
1885990.279623471
1295307.036137141
1365396.1297624651
675809.9267916564
734703.1501694202
988389.7946515456
1730501.2955742362
1646694.4802542783
834168.4647655456
1380090.9303898166
400327.4659886504
2034515.2841174083
1790143.3553899105
